    1   1299
 8.56164388e-06
 1.71232896e-05
 2.56849307e-05
 3.42465792e-05
 4.28082203e-05
 5.13698615e-05
 5.99315099e-05
 6.84931510e-05
 7.70547922e-05
 8.56164406e-05
 9.41780818e-05
 1.02739701e-04
 1.11301400e-04
 1.19862998e-04
 1.28424697e-04
 1.36986302e-04
 1.45547907e-04
 1.54109599e-04
 1.62671204e-04
 1.71232896e-04
 1.79794501e-04
 1.88356207e-04
 1.96917797e-04
 2.05479504e-04
 2.14041094e-04
 2.22602699e-04
 2.31164406e-04
 2.39725996e-04
 2.48287688e-04
 2.56849307e-04
 2.65411014e-04
 2.73972604e-04
 2.82534194e-04
 2.91095901e-04
 2.99657491e-04
 3.08219198e-04
 3.16780788e-04
 3.25342495e-04
 3.33904114e-04
 3.42465792e-04
 3.51027411e-04
 3.59589001e-04
 3.68150708e-04
 3.76712298e-04
 3.85274005e-04
 3.93835595e-04
 4.02397302e-04
 4.10958892e-04
 4.19520511e-04
 4.28082189e-04
 4.36643808e-04
 4.45205485e-04
 4.53767105e-04
 4.62328811e-04
 4.70890402e-04
 4.79452108e-04
 4.88013698e-04
 4.96575318e-04
 5.05137024e-04
 5.13698615e-04
 5.22260321e-04
 5.30821912e-04
 5.39383618e-04
 5.47945208e-04
 5.56506799e-04
 5.65068505e-04
 5.73630095e-04
 5.82191802e-04
 5.90753392e-04
 5.99315099e-04
 6.07876689e-04
 6.16438396e-04
 6.24999986e-04
 6.33561576e-04
 6.42123283e-04
 6.50684873e-04
 6.59246580e-04
 6.67808228e-04
 6.76369877e-04
 6.84931525e-04
 6.93493173e-04
 7.02054822e-04
 7.10616412e-04
 7.19178119e-04
 7.27739709e-04
 7.36301416e-04
 7.44863006e-04
 7.53424712e-04
 7.61986303e-04
 7.70547893e-04
 7.79109600e-04
 7.87671190e-04
 7.96232896e-04
 8.04794487e-04
 8.13356193e-04
 8.21917783e-04
 8.30479490e-04
 8.39041080e-04
 8.47602729e-04
 8.56164377e-04
 8.64726026e-04
 8.73287674e-04
 8.81849322e-04
 8.90410971e-04
 8.98972619e-04
 9.07534210e-04
 9.16095916e-04
 9.24657506e-04
 9.33219213e-04
 9.41780803e-04
 9.50342510e-04
 9.58904100e-04
 9.67465807e-04
 9.76027397e-04
 9.84588987e-04
 9.93150752e-04
 1.00171205e-03
 1.01027405e-03
 1.01883605e-03
 1.02739700e-03
 1.03595899e-03
 1.04452099e-03
 1.05308206e-03
 1.06164406e-03
 1.07020501e-03
 1.07876700e-03
 1.08732900e-03
 1.09588995e-03
 1.10445195e-03
 1.11301395e-03
 1.12157501e-03
 1.13013701e-03
 1.13869901e-03
 1.14725996e-03
 1.15582196e-03
 1.16438395e-03
 1.17294502e-03
 1.18150702e-03
 1.19006797e-03
 1.19862997e-03
 1.20719196e-03
 1.21575303e-03
 1.22431503e-03
 1.23287702e-03
 1.24143797e-03
 1.24999997e-03
 1.25856197e-03
 1.26712304e-03
 1.27568503e-03
 1.28424703e-03
 1.29280798e-03
 1.30136998e-03
 1.30993198e-03
 1.31849304e-03
 1.32705504e-03
 1.33561599e-03
 1.34417799e-03
 1.35273999e-03
 1.36130105e-03
 1.36986305e-03
 1.37842505e-03
 1.38698600e-03
 1.39554800e-03
 1.40410999e-03
 1.41267094e-03
 1.42123306e-03
 1.42979505e-03
 1.43835600e-03
 1.44691800e-03
 1.45547895e-03
 1.46404095e-03
 1.47260295e-03
 1.48116401e-03
 1.48972601e-03
 1.49828801e-03
 1.50684896e-03
 1.51541096e-03
 1.52397295e-03
 1.53253402e-03
 1.54109602e-03
 1.54965802e-03
 1.55821897e-03
 1.56678096e-03
 1.57534203e-03
 1.58390403e-03
 1.59246603e-03
 1.60102698e-03
 1.60958897e-03
 1.61815097e-03
 1.62671204e-03
 1.63527403e-03
 1.64383603e-03
 1.65239698e-03
 1.66095898e-03
 1.66952098e-03
 1.67808204e-03
 1.68664404e-03
 1.69520499e-03
 1.70376699e-03
 1.71232899e-03
 1.72089005e-03
 1.72945205e-03
 1.73801405e-03
 1.74657500e-03
 1.75513700e-03
 1.76369899e-03
 1.77225994e-03
 1.78082194e-03
 1.78938406e-03
 1.79794501e-03
 1.80650700e-03
 1.81506795e-03
 1.82362995e-03
 1.83219195e-03
 1.84075302e-03
 1.84931501e-03
 1.85787701e-03
 1.86643796e-03
 1.87499996e-03
 1.88356196e-03
 1.89212302e-03
 1.90068502e-03
 1.90924702e-03
 1.91780797e-03
 1.92636997e-03
 1.93493196e-03
 1.94349303e-03
 1.95205503e-03
 1.96061609e-03
 1.96917797e-03
 1.97774009e-03
 1.98630104e-03
 1.99486292e-03
 2.00342503e-03
 2.01198598e-03
 2.02054810e-03
 2.02910998e-03
 2.03767093e-03
 2.04623304e-03
 2.05479492e-03
 2.06335611e-03
 2.07191799e-03
 2.08047894e-03
 2.08904105e-03
 2.09760293e-03
 2.10616412e-03
 2.11472600e-03
 2.12328811e-03
 2.13184906e-03
 2.14041094e-03
 2.14897306e-03
 2.15753401e-03
 2.16609589e-03
 2.17465800e-03
 2.18321895e-03
 2.19178107e-03
 2.20034202e-03
 2.20890390e-03
 2.21746601e-03
 2.22602696e-03
 2.23458908e-03
 2.24315096e-03
 2.25171191e-03
 2.26027402e-03
 2.26883590e-03
 2.27739708e-03
 2.28595897e-03
 2.29452108e-03
 2.30308203e-03
 2.31164391e-03
 2.32020509e-03
 2.32876698e-03
 2.33732909e-03
 2.34589004e-03
 2.35445192e-03
 2.36301403e-03
 2.37157498e-03
 2.38013710e-03
 2.38869898e-03
 2.39725993e-03
 2.40582204e-03
 2.41438393e-03
 2.42294511e-03
 2.43150699e-03
 2.44006794e-03
 2.44863005e-03
 2.45719193e-03
 2.46575288e-03
 2.47431500e-03
 2.48287711e-03
 2.49143806e-03
 2.49999994e-03
 2.50856206e-03
 2.51712301e-03
 2.52568489e-03
 2.53424700e-03
 2.54280795e-03
 2.55137007e-03
 2.55993195e-03
 2.56849290e-03
 2.57705501e-03
 2.58561596e-03
 2.59417808e-03
 2.60273996e-03
 2.61130091e-03
 2.61986302e-03
 2.62842490e-03
 2.63698609e-03
 2.64554797e-03
 2.65411008e-03
 2.66267103e-03
 2.67123291e-03
 2.67979503e-03
 2.68835598e-03
 2.69691809e-03
 2.70547904e-03
 2.71404092e-03
 2.72260304e-03
 2.73116399e-03
 2.73972610e-03
 2.74828798e-03
 2.75684893e-03
 2.76541105e-03
 2.77397293e-03
 2.78253411e-03
 2.79109599e-03
 2.79965810e-03
 2.80821905e-03
 2.81678094e-03
 2.82534189e-03
 2.83390400e-03
 2.84246611e-03
 2.85102706e-03
 2.85958895e-03
 2.86815106e-03
 2.87671201e-03
 2.88527389e-03
 2.89383600e-03
 2.90239695e-03
 2.91095907e-03
 2.91952095e-03
 2.92808190e-03
 2.93664401e-03
 2.94520496e-03
 2.95376708e-03
 2.96232896e-03
 2.97088991e-03
 2.97945202e-03
 2.98801390e-03
 2.99657509e-03
 3.00513697e-03
 3.01369908e-03
 3.02226003e-03
 3.03082191e-03
 3.03938403e-03
 3.04794498e-03
 3.05650709e-03
 3.06506804e-03
 3.07362992e-03
 3.08219204e-03
 3.09075299e-03
 3.09931510e-03
 3.10787698e-03
 3.11643793e-03
 3.12500005e-03
 3.13356193e-03
 3.14212311e-03
 3.15068499e-03
 3.15924711e-03
 3.16780806e-03
 3.17636994e-03
 3.18493205e-03
 3.19349300e-03
 3.20205512e-03
 3.21061607e-03
 3.21917795e-03
 3.22774006e-03
 3.23630101e-03
 3.24486289e-03
 3.25342501e-03
 3.26198596e-03
 3.27054807e-03
 3.27910995e-03
 3.28767090e-03
 3.29623302e-03
 3.30479490e-03
 3.31335608e-03
 3.32191796e-03
 3.33047891e-03
 3.33904102e-03
 3.34760291e-03
 3.35616409e-03
 3.36472597e-03
 3.37328808e-03
 3.38184903e-03
 3.39041092e-03
 3.39897303e-03
 3.40753398e-03
 3.41609609e-03
 3.42465797e-03
 3.43321892e-03
 3.44178104e-03
 3.45034199e-03
 3.45890410e-03
 3.46746598e-03
 3.47602693e-03
 3.48458905e-03
 3.49315093e-03
 3.50171211e-03
 3.51027399e-03
 3.51883611e-03
 3.52739706e-03
 3.53595894e-03
 3.54452105e-03
 3.55308200e-03
 3.56164388e-03
 3.57020507e-03
 3.57876695e-03
 3.58732906e-03
 3.59589001e-03
 3.60445189e-03
 3.61301401e-03
 3.62157496e-03
 3.63013707e-03
 3.63869895e-03
 3.64725990e-03
 3.65582202e-03
 3.66438390e-03
 3.67294508e-03
 3.68150696e-03
 3.69006791e-03
 3.69863003e-03
 3.70719191e-03
 3.71575309e-03
 3.72431497e-03
 3.73287708e-03
 3.74143803e-03
 3.74999992e-03
 3.75856203e-03
 3.76712298e-03
 3.77568509e-03
 3.78424698e-03
 3.79280793e-03
 3.80137004e-03
 3.80993192e-03
 3.81849310e-03
 3.82705498e-03
 3.83561593e-03
 3.84417805e-03
 3.85273993e-03
 3.86130111e-03
 3.86986299e-03
 3.87842511e-03
 3.88698606e-03
 3.89554794e-03
 3.90411005e-03
 3.91267100e-03
 3.92123312e-03
 3.92979523e-03
 3.93835595e-03
 3.94691806e-03
 3.95547878e-03
 3.96404089e-03
 3.97260301e-03
 3.98116419e-03
 3.98972584e-03
 3.99828795e-03
 4.00684914e-03
 4.01541078e-03
 4.02397290e-03
 4.03253408e-03
 4.04109620e-03
 4.04965784e-03
 4.05821903e-03
 4.06678114e-03
 4.07534186e-03
 4.08390397e-03
 4.09246609e-03
 4.10102680e-03
 4.10958892e-03
 4.11815103e-03
 4.12671221e-03
 4.13527386e-03
 4.14383598e-03
 4.15239716e-03
 4.16095881e-03
 4.16952092e-03
 4.17808210e-03
 4.18664422e-03
 4.19520494e-03
 4.20376705e-03
 4.21232916e-03
 4.22088988e-03
 4.22945200e-03
 4.23801411e-03
 4.24657483e-03
 4.25513694e-03
 4.26369905e-03
 4.27225977e-03
 4.28082189e-03
 4.28938400e-03
 4.29794518e-03
 4.30650683e-03
 4.31506801e-03
 4.32363013e-03
 4.33219178e-03
 4.34075296e-03
 4.34931507e-03
 4.35787719e-03
 4.36643790e-03
 4.37500002e-03
 4.38356213e-03
 4.39212285e-03
 4.40068496e-03
 4.40924708e-03
 4.41780780e-03
 4.42636991e-03
 4.43493202e-03
 4.44349321e-03
 4.45205485e-03
 4.46061604e-03
 4.46917815e-03
 4.47773980e-03
 4.48630098e-03
 4.49486310e-03
 4.50342521e-03
 4.51198593e-03
 4.52054804e-03
 4.52911016e-03
 4.53767087e-03
 4.54623299e-03
 4.55479510e-03
 4.56335582e-03
 4.57191793e-03
 4.58047912e-03
 4.58904123e-03
 4.59760288e-03
 4.60616406e-03
 4.61472617e-03
 4.62328782e-03
 4.63184901e-03
 4.64041112e-03
 4.64897277e-03
 4.65753395e-03
 4.66609607e-03
 4.67465818e-03
 4.68321890e-03
 4.69178101e-03
 4.70034219e-03
 4.70890384e-03
 4.71746596e-03
 4.72602714e-03
 4.73458879e-03
 4.74315090e-03
 4.75171208e-03
 4.76027420e-03
 4.76883585e-03
 4.77739703e-03
 4.78595914e-03
 4.79452079e-03
 4.80308197e-03
 4.81164409e-03
 4.82020481e-03
 4.82876692e-03
 4.83732903e-03
 4.84589022e-03
 4.85445186e-03
 4.86301398e-03
 4.87157516e-03
 4.88013681e-03
 4.88869892e-03
 4.89726011e-03
 4.90582222e-03
 4.91438387e-03
 4.92294505e-03
 4.93150717e-03
 4.94006788e-03
 4.94863000e-03
 4.95719211e-03
 4.96575283e-03
 4.97431494e-03
 4.98287706e-03
 4.99143777e-03
 4.99999989e-03
 5.00856200e-03
 5.01730386e-03
 5.02623012e-03
 5.03534311e-03
 5.04464889e-03
 5.05415117e-03
 5.06385323e-03
 5.07375877e-03
 5.08387294e-03
 5.09420084e-03
 5.10474620e-03
 5.11551322e-03
 5.12650702e-03
 5.13773179e-03
 5.14919311e-03
 5.16089611e-03
 5.17284498e-03
 5.18504577e-03
 5.19750407e-03
 5.21022407e-03
 5.22321183e-03
 5.23647293e-03
 5.25001297e-03
 5.26383892e-03
 5.27795497e-03
 5.29236905e-03
 5.30708721e-03
 5.32211410e-03
 5.33745717e-03
 5.35312388e-03
 5.36911981e-03
 5.38545381e-03
 5.40213101e-03
 5.41915884e-03
 5.43654617e-03
 5.45429904e-03
 5.47242491e-03
 5.49093401e-03
 5.50983194e-03
 5.52912802e-03
 5.54883014e-03
 5.56894718e-03
 5.58948703e-03
 5.61045995e-03
 5.63187478e-03
 5.65373991e-03
 5.67606604e-03
 5.69886202e-03
 5.72213810e-03
 5.74590312e-03
 5.77017013e-03
 5.79494704e-03
 5.82024595e-03
 5.84607711e-03
 5.87245217e-03
 5.89938322e-03
 5.92688099e-03
 5.95495710e-03
 5.98362507e-03
 6.01289608e-03
 6.04278408e-03
 6.07330119e-03
 6.10445999e-03
 6.13627583e-03
 6.16876082e-03
 6.20192988e-03
 6.23579789e-03
 6.27037883e-03
 6.30568713e-03
 6.34174002e-03
 6.37855101e-03
 6.41613686e-03
 6.45451481e-03
 6.49370020e-03
 6.53371122e-03
 6.57456415e-03
 6.61627715e-03
 6.65886886e-03
 6.70235697e-03
 6.74676104e-03
 6.79210015e-03
 6.83839293e-03
 6.88566081e-03
 6.93392381e-03
 6.98320381e-03
 7.03352084e-03
 7.08489679e-03
 7.13735493e-03
 7.19091715e-03
 7.24560814e-03
 7.30144884e-03
 7.35846721e-03
 7.41668511e-03
 7.47612817e-03
 7.53682293e-03
 7.59879593e-03
 7.66207417e-03
 7.72668514e-03
 7.79265491e-03
 7.86001422e-03
 7.92879239e-03
 7.99901783e-03
 8.07072222e-03
 8.14393628e-03
 8.21869168e-03
 8.29502102e-03
 8.37295782e-03
 8.45253468e-03
 8.53378791e-03
 8.61675199e-03
 8.70146230e-03
 8.78795609e-03
 8.87627061e-03
 8.96644499e-03
 9.05851834e-03
 9.15252976e-03
 9.24852118e-03
 9.34653264e-03
 9.44660790e-03
 9.54879075e-03
 9.65312496e-03
 9.75965522e-03
 9.86842904e-03
 9.97949298e-03
 1.00928899e-02
 1.02086803e-02
 1.03269098e-02
 1.04476297e-02
 1.05708903e-02
 1.06967399e-02
 1.08252401e-02
 1.09564504e-02
 1.10904304e-02
 1.12272203e-02
 1.13668898e-02
 1.15095004e-02
 1.16551202e-02
 1.18038002e-02
 1.19556095e-02
 1.21106198e-02
 1.22688897e-02
 1.24305002e-02
 1.25954999e-02
 1.27639798e-02
 1.29360100e-02
 1.31116603e-02
 1.32910097e-02
 1.34741301e-02
 1.36611098e-02
 1.38520300e-02
 1.40469698e-02
 1.42460102e-02
 1.44492397e-02
 1.46567496e-02
 1.48686301e-02
 1.50849698e-02
 1.53058600e-02
 1.55314105e-02
 1.57616995e-02
 1.59968492e-02
 1.62369404e-02
 1.64820906e-02
 1.67324003e-02
 1.69879794e-02
 1.72489509e-02
 1.75154004e-02
 1.77874696e-02
 1.80652607e-02
 1.83489099e-02
 1.86385196e-02
 1.89342406e-02
 1.92361791e-02
 1.95444692e-02
 1.98592599e-02
 2.01806705e-02
 2.05088593e-02
 2.08439492e-02
 2.11861003e-02
 2.15354506e-02
 2.18921509e-02
 2.22563706e-02
 2.26282608e-02
 2.30079703e-02
 2.33956799e-02
 2.37915497e-02
 2.41957605e-02
 2.46084798e-02
 2.50298902e-02
 2.54601706e-02
 2.58995108e-02
 2.63480898e-02
 2.68061291e-02
 2.72738095e-02
 2.77513303e-02
 2.82389093e-02
 2.87367497e-02
 2.92450804e-02
 2.97641102e-02
 3.02940607e-02
 3.08351796e-02
 3.13876905e-02
 3.19518298e-02
 3.25278416e-02
 3.31159905e-02
 3.37165184e-02
 3.43296900e-02
 3.49557698e-02
 3.55950408e-02
 3.62477601e-02
 3.69142294e-02
 3.75947207e-02
 3.82895507e-02
 3.89990099e-02
 3.97234000e-02
 4.04630415e-02
 4.12182584e-02
 4.19893712e-02
 4.27767299e-02
 4.35806587e-02
 4.44015115e-02
 4.52396497e-02
 4.60954383e-02
 4.69692387e-02
 4.78614382e-02
 4.87724282e-02
 4.97025996e-02
 5.06523512e-02
 5.16220890e-02
 5.26122600e-02
 5.36232702e-02
 5.46555705e-02
 5.57096004e-02
 5.67858182e-02
 5.78847118e-02
 5.90067282e-02
 6.01523705e-02
 6.13221414e-02
 6.25165328e-02
 6.37360737e-02
 6.49812892e-02
 6.62527233e-02
 6.75509274e-02
 6.88764602e-02
 7.02299103e-02
 7.16118515e-02
 7.30228871e-02
 7.44636431e-02
 7.59347230e-02
 7.74367675e-02
 7.89704472e-02
 8.05364177e-02
 8.21353570e-02
 8.37679580e-02
 8.54349434e-02
 8.71370211e-02
 8.88749287e-02
 9.06494334e-02
 9.24612880e-02
 9.43112969e-02
 9.62002724e-02
 9.81289968e-02
 1.00098297e-01
 1.02109097e-01
 1.04162298e-01
 1.06258698e-01
 1.08399197e-01
 1.10584699e-01
 1.12816297e-01
 1.15094900e-01
 1.17421500e-01
 1.19796999e-01
 1.22222498e-01
 1.24699198e-01
 1.27227902e-01
 1.29809901e-01
 1.32446304e-01
 1.35138199e-01
 1.37886703e-01
 1.40693098e-01
 1.43558607e-01
 1.46484494e-01
 1.49471894e-01
 1.52522296e-01
 1.55636802e-01
 1.58816993e-01
 1.62064001e-01
 1.65379494e-01
 1.68764800e-01
 1.72221303e-01
 1.75750598e-01
 1.79354295e-01
 1.83033705e-01
 1.86790705e-01
 1.90626800e-01
 1.94543600e-01
 1.98542893e-01
 2.02626407e-01
 2.06795901e-01
 2.11053193e-01
 2.15400100e-01
 2.19838500e-01
 2.24370301e-01
 2.28997603e-01
 2.33722299e-01
 2.38546506e-01
 2.43472293e-01
 2.48501703e-01
 2.53637105e-01
 2.58880585e-01
 2.64234513e-01
 2.69701093e-01
 2.75282800e-01
 2.80981988e-01
 2.86801189e-01
 2.92742908e-01
 2.98809707e-01
 3.05004299e-01
 3.11329305e-01
 3.17787498e-01
 3.24381590e-01
 3.31114590e-01
 3.37989300e-01
 3.45008701e-01
 3.52176011e-01
 3.59494209e-01
 3.66966397e-01
 3.74596000e-01
 3.82386208e-01
 3.90340388e-01
 3.98462087e-01
 4.06754792e-01
 4.15222108e-01
 4.23867613e-01
 4.32695210e-01
 4.41708714e-01
 4.50911909e-01
 4.60308909e-01
 4.69903708e-01
 4.79700595e-01
 4.89703715e-01
 4.99917507e-01
 5.10346174e-01
 5.20994604e-01
 5.31867087e-01
 5.42968571e-01
 5.54303825e-01
 5.65877616e-01
 5.77695191e-01
 5.89761496e-01
 6.02081895e-01
 6.14661694e-01
 6.27506375e-01
 6.40621483e-01
 6.54012680e-01
 6.67685926e-01
 6.81646883e-01
 6.95901871e-01
 7.10457027e-01
 7.25318611e-01
 7.40493119e-01
 7.55986989e-01
 7.71807194e-01
 7.87960529e-01
 8.04453909e-01
 8.21294487e-01
 8.38489711e-01
 8.56046915e-01
 8.73973787e-01
 8.92278075e-01
 9.10967886e-01
 9.30051088e-01
 9.49536085e-01
 9.69431281e-01
 9.89745498e-01
 1.01048696e+00
 1.03166604e+00
 1.05329001e+00
 1.07536995e+00
 1.09791505e+00
 1.12093401e+00
 1.14443803e+00
 1.16843700e+00
 1.19294095e+00
 1.21796095e+00
 1.24350798e+00
 1.26959205e+00
 1.29622602e+00
 1.32342100e+00
 1.35118794e+00
 1.37953997e+00
 1.40848804e+00
 1.43804705e+00
 1.46822703e+00
 1.49904299e+00
 1.53050804e+00
 1.56263494e+00
 1.59543896e+00
 1.62893403e+00
 1.66313303e+00
 1.69805300e+00
 1.73370802e+00
 1.77011299e+00
 1.80728495e+00
 1.84524000e+00
 1.88399398e+00
 1.92356396e+00
 1.96396601e+00
 2.00521994e+00
 2.04734206e+00
 2.09035110e+00
 2.13426495e+00
 2.17910504e+00
 2.22488809e+00
 2.27163506e+00
 2.31936598e+00
 2.36810207e+00
 2.41786504e+00
 2.46867490e+00
 2.52055502e+00
 2.57352710e+00
 2.62761402e+00
 2.68284106e+00
 2.73922992e+00
 2.79680610e+00
 2.85559511e+00
 2.91562104e+00
 2.97691107e+00
 3.03949094e+00
 3.10338998e+00
 3.16863298e+00
 3.23525000e+00
 3.30327010e+00
 3.37272191e+00
 3.44363594e+00
 3.51604295e+00
 3.58997512e+00
 3.66546297e+00
 3.74253988e+00
 3.82124090e+00
 3.90159798e+00
 3.98364806e+00
 4.06742382e+00
 4.15296507e+00
 4.24030685e+00
 4.32948780e+00
 4.42054605e+00
 4.51352119e+00
 4.60845423e+00
 4.70538616e+00
 4.80435896e+00
 4.90541506e+00
 5.00859880e+00
 5.11395597e+00
 5.22153091e+00
 5.33136988e+00
 5.44352293e+00
 5.55803680e+00
 5.67496109e+00
 5.79434776e+00
 5.91624784e+00
 6.04071522e+00
 6.16780186e+00
 6.29756498e+00
 6.43005991e+00
 6.56534481e+00
 6.70347786e+00
 6.84451914e+00
 6.98853016e+00
 7.13557291e+00
 7.28571177e+00
 7.43901205e+00
 7.59553909e+00
 7.75536203e+00
 7.91855097e+00
 8.08517456e+00
 8.25530720e+00
 8.42902088e+00
 8.60639286e+00
 8.78749943e+00
 8.97241783e+00
 9.16123104e+00
 9.35401917e+00
 9.55086613e+00
 9.75185776e+00
 9.95708084e+00
 1.01666298e+01
 1.03805799e+01
 1.05990400e+01
 1.08220997e+01
 1.10498600e+01
 1.12824097e+01
 1.15198603e+01
 1.17623100e+01
 1.20098600e+01
 1.22626200e+01
 1.25207100e+01
 1.27842302e+01
 1.30532999e+01
 1.33280296e+01
 1.36085501e+01
 1.38949699e+01
 1.41874304e+01
 1.44860401e+01
 1.47909403e+01
 1.51022596e+01
 1.54201298e+01
 1.57447004e+01
 1.60760899e+01
 1.64144707e+01
 1.67599697e+01
 1.71127491e+01
 1.74729500e+01
 1.78407402e+01
 1.82162704e+01
 1.85997009e+01
 1.89912109e+01
 1.93909702e+01
 1.97991409e+01
 2.02159004e+01
 2.06414394e+01
 2.10759392e+01
 2.15195808e+01
 2.19725704e+01
 2.24350891e+01
 2.29073505e+01
 2.33895607e+01
 2.38819199e+01
 2.43846397e+01
 2.48979492e+01
 2.54220600e+01
 2.59572105e+01
 2.65036297e+01
 2.70615597e+01
 2.76312294e+01
 2.82128906e+01
 2.88068008e+01
 2.94132099e+01
 3.00324001e+01
 3.06646194e+01
 3.13101501e+01
 3.19692707e+01
 3.26422691e+01
 3.33294296e+01
 3.40310707e+01
 3.47474785e+01
 3.54789696e+01
 3.62258682e+01
 3.69884796e+01
 3.77671585e+01
 3.85622292e+01
 3.93740387e+01
 4.02029419e+01
 4.10493011e+01
 4.19134712e+01
 4.27958412e+01
 4.36967888e+01
 4.46166992e+01
 4.55559807e+01
 4.65150414e+01
 4.74943008e+01
 4.84941711e+01
 4.95150909e+01
 5.05574989e+01
 5.16218681e+01
 5.27086411e+01
 5.38182983e+01
 5.49513092e+01
 5.61081886e+01
 5.72894211e+01
 5.84955215e+01
 5.97270088e+01
 6.09844398e+01
 6.22683296e+01
 6.35792618e+01
 6.49177933e+01
 6.62845001e+01
 6.76799927e+01
 6.91048584e+01
 7.05597305e+01
 7.20452271e+01
 7.35619965e+01
 7.51107178e+01
 7.66920319e+01
 7.83066483e+01
 7.99552536e+01
 8.16385727e+01
 8.33573303e+01
 8.51122818e+01
 8.69041672e+01
 8.87337875e+01
 9.06019363e+01
 9.25094223e+01
 9.44570618e+01
 9.64457016e+01
 9.84762192e+01
 1.00549500e+02
 1.02666397e+02
 1.04827904e+02
 1.07034897e+02
 1.09288300e+02
 1.11589302e+02
 1.13938599e+02
 1.16337402e+02
 1.18786797e+02
 1.21287697e+02
 1.23841202e+02
 1.26448502e+02
 1.29110703e+02
 1.31828995e+02
 1.34604507e+02
 1.37438400e+02
 1.40332001e+02
 1.43286499e+02
 1.46303207e+02
 1.49383499e+02
 1.52528595e+02
 1.55739899e+02
 1.59018799e+02
 1.62366699e+02
 1.65785202e+02
 1.69275604e+02
 1.72839493e+02
 1.76478500e+02
 1.80194000e+02
 1.83987793e+02
 1.87861496e+02
 1.91816696e+02
 1.95855194e+02
 1.99978699e+02
 2.04189102e+02
 2.08488098e+02
 2.12877594e+02
 2.17359497e+02
 2.21935806e+02
 2.26608398e+02
 2.31379395e+02
 2.36250900e+02
 2.41225006e+02
 2.46303696e+02
 2.51489395e+02
 2.56784302e+02
 2.62190613e+02
 2.67710785e+02
 2.73347198e+02
 2.79102295e+02
 2.84978607e+02
 2.90978485e+02
 2.97104797e+02
 3.03360107e+02
 3.09747101e+02
 3.16268585e+02
 3.22927307e+02
 3.29726288e+02
 3.36668396e+02
 3.43756714e+02
 3.50994202e+02
 3.58384094e+02
 3.65929596e+02
 3.73633911e+02
 3.81500488e+02
 3.89532715e+02
 3.97734009e+02
 4.06107910e+02
 4.14658203e+02
 4.23388489e+02
 4.32302612e+02
 4.41404388e+02
 4.50697906e+02
 4.60187012e+02
 4.69875885e+02
 4.79768799e+02
 4.89869904e+02
 5.00183807e+02
 5.10714813e+02
 5.21467529e+02
 5.32446594e+02
 5.43656921e+02
 5.55103210e+02
 5.66790527e+02
 5.78723877e+02
 5.90908508e+02
 6.03349609e+02
 6.16052673e+02
 6.29023315e+02
 6.42266907e+02
 6.55789429e+02
 6.69596619e+02
 6.83694519e+02
 6.98089172e+02
 7.12786987e+02
 7.27794312e+02
 7.43117493e+02
 7.58763306e+02
 7.74738586e+02
 7.91050171e+02
 8.07705200e+02
 8.24710876e+02
 8.42074585e+02
 8.59803894e+02
 8.77906616e+02
 8.96390320e+02
 9.15263184e+02
 9.34533508e+02
 9.54209473e+02
 9.74299683e+02
 9.94812988e+02
 1.01575800e+03
 1.03714404e+03
 1.05898096e+03
 1.08127698e+03
 1.10404199e+03
 1.12728699e+03
 1.15102197e+03
 1.17525598e+03
 1.20000000e+03
       0       0.0000000
 1.45547140e+03
 1.42573396e+03
 1.40098337e+03
 1.37623994e+03
 1.35149850e+03
 1.32658146e+03
 1.30168526e+03
 1.27682277e+03
 1.25200004e+03
 1.22720444e+03
 1.20249900e+03
 1.17779746e+03
 1.15307661e+03
 1.12849989e+03
 1.10402998e+03
 1.07983832e+03
 1.05576429e+03
 1.03198925e+03
 1.00857507e+03
 9.85467556e+02
 9.62867269e+02
 9.40486957e+02
 9.18720816e+02
 8.97348032e+02
 8.76360073e+02
 8.55948180e+02
 8.35772370e+02
 8.16256566e+02
 7.97068578e+02
 7.78248676e+02
 7.60016591e+02
 7.42018565e+02
 7.24635587e+02
 7.07493221e+02
 6.90661281e+02
 6.74203099e+02
 6.57905198e+02
 6.42076430e+02
 6.26453384e+02
 6.11135450e+02
 5.96209284e+02
 5.81458280e+02
 5.67240459e+02
 5.53265912e+02
 5.39708803e+02
 5.26513775e+02
 5.13488635e+02
 5.00950496e+02
 4.88563463e+02
 4.76475540e+02
 4.64672372e+02
 4.53019040e+02
 4.41818994e+02
 4.30750790e+02
 4.19967112e+02
 4.09430885e+02
 3.99046219e+02
 3.89025767e+02
 3.79126801e+02
 3.69504703e+02
 3.60123491e+02
 3.50912546e+02
 3.42014458e+02
 3.33225012e+02
 3.24692834e+02
 3.16335588e+02
 3.08120776e+02
 3.00175036e+02
 2.92332048e+02
 2.84750582e+02
 2.77316454e+02
 2.70019556e+02
 2.62962529e+02
 2.55995448e+02
 2.49257263e+02
 2.42652666e+02
 2.36190869e+02
 2.29960354e+02
 2.23817052e+02
 2.17887909e+02
 2.12066488e+02
 2.06377611e+02
 2.00860077e+02
 1.95414988e+02
 1.90180957e+02
 1.85033686e+02
 1.80009452e+02
 1.75130152e+02
 1.70313950e+02
 1.65673891e+02
 1.61101278e+02
 1.56639093e+02
 1.52292703e+02
 1.47999408e+02
 1.43858686e+02
 1.39772136e+02
 1.35788174e+02
 1.31901525e+02
 1.28064988e+02
 1.24360628e+02
 1.21726872e+02
 1.21465643e+02
 1.21205177e+02
 1.20945188e+02
 1.20685532e+02
 1.20425982e+02
 1.20166545e+02
 1.19908375e+02
 1.19651063e+02
 1.19395608e+02
 1.19140485e+02
 1.18885770e+02
 1.18631828e+02
 1.18378471e+02
 1.18126051e+02
 1.17873663e+02
 1.17620906e+02
 1.17367620e+02
 1.17113880e+02
 1.16861263e+02
 1.16609109e+02
 1.16358324e+02
 1.16107712e+02
 1.15857228e+02
 1.15607348e+02
 1.15357776e+02
 1.15109318e+02
 1.14861209e+02
 1.14613444e+02
 1.14365884e+02
 1.14118445e+02
 1.13870917e+02
 1.13623029e+02
 1.13374644e+02
 1.13126091e+02
 1.12877633e+02
 1.12630531e+02
 1.12383884e+02
 1.12137967e+02
 1.11893049e+02
 1.11648576e+02
 1.11404408e+02
 1.11160175e+02
 1.10915858e+02
 1.10672277e+02
 1.10429023e+02
 1.10185673e+02
 1.09942633e+02
 1.09700102e+02
 1.09457721e+02
 1.09215483e+02
 1.08974948e+02
 1.08734917e+02
 1.08495939e+02
 1.08257655e+02
 1.08019886e+02
 1.07784398e+02
 1.07549419e+02
 1.07315411e+02
 1.07081615e+02
 1.06847986e+02
 1.06614061e+02
 1.06379810e+02
 1.06144558e+02
 1.05909192e+02
 1.05673653e+02
 1.05438009e+02
 1.05202600e+02
 1.04968189e+02
 1.04734228e+02
 1.04500635e+02
 1.04269537e+02
 1.04039451e+02
 1.03811929e+02
 1.03585144e+02
 1.03359183e+02
 1.03132492e+02
 1.02905647e+02
 1.02678860e+02
 1.02451758e+02
 1.02224284e+02
 1.01996221e+02
 1.01767729e+02
 1.01536724e+02
 1.01305769e+02
 1.01074913e+02
 1.00844990e+02
 1.00615454e+02
 1.00387896e+02
 1.00160241e+02
 9.99323612e+01
 9.97063733e+01
 9.94812939e+01
 9.92574637e+01
 9.90339303e+01
 9.88110277e+01
 9.85883225e+01
 9.83657729e+01
 9.81449070e+01
 9.79244269e+01
 9.77047215e+01
 9.74857349e+01
 9.72671992e+01
 9.70488868e+01
 9.68311790e+01
 9.66151643e+01
 9.63988261e+01
 9.61822410e+01
 9.59661074e+01
 9.57497517e+01
 9.55323259e+01
 9.53143419e+01
 9.50958594e+01
 9.48783549e+01
 9.46611902e+01
 9.44447055e+01
 9.42289147e+01
 9.40137772e+01
 9.37992444e+01
 9.35847958e+01
 9.33701379e+01
 9.31550112e+01
 9.29394120e+01
 9.27268346e+01
 9.25152112e+01
 9.23053138e+01
 9.20953656e+01
 9.18852930e+01
 9.16752373e+01
 9.14651762e+01
 9.12549684e+01
 9.10460221e+01
 9.08387985e+01
 9.06339838e+01
 9.04299748e+01
 9.02247513e+01
 9.00176346e+01
 8.98074392e+01
 8.95950684e+01
 8.93817939e+01
 8.91683254e+01
 8.89574329e+01
 8.87514542e+01
 8.85475219e+01
 8.83446373e+01
 8.81420486e+01
 8.79391070e+01
 8.77354133e+01
 8.75301775e+01
 8.73241222e+01
 8.71222994e+01
 8.69214179e+01
 8.67220708e+01
 8.65237435e+01
 8.63261691e+01
 8.61304466e+01
 8.59346676e+01
 8.57379572e+01
 8.55419459e+01
 8.53465147e+01
 8.51486652e+01
 8.49490657e+01
 8.47439293e+01
 8.45390630e+01
 8.43344683e+01
 8.41330667e+01
 8.39329792e+01
 8.37366359e+01
 8.35416126e+01
 8.33478990e+01
 8.31563889e+01
 8.29653285e+01
 8.27740474e+01
 8.25840143e+01
 8.23954035e+01
 8.22086842e+01
 8.20226467e+01
 8.18377741e+01
 8.16537013e+01
 8.14707428e+01
 8.12844843e+01
 8.10971252e+01
 8.09098770e+01
 8.07237039e+01
 8.05392782e+01
 8.03563639e+01
 8.01738900e+01
 7.99888468e+01
 7.98032714e+01
 7.96169256e+01
 7.94323884e+01
 7.92487759e+01
 7.90673402e+01
 7.88854437e+01
 7.87022394e+01
 7.85167719e+01
 7.83300809e+01
 7.81430938e+01
 7.79576861e+01
 7.77762412e+01
 7.75942038e+01
 7.74118390e+01
 7.72310042e+01
 7.70505204e+01
 7.68706708e+01
 7.66913949e+01
 7.65125629e+01
 7.63319831e+01
 7.61521957e+01
 7.59760279e+01
 7.58013684e+01
 7.56279268e+01
 7.54528982e+01
 7.52776260e+01
 7.51022955e+01
 7.49291945e+01
 7.47582355e+01
 7.45854719e+01
 7.44120001e+01
 7.42364274e+01
 7.40627500e+01
 7.38912210e+01
 7.37205172e+01
 7.35501815e+01
 7.33808634e+01
 7.32135845e+01
 7.30489168e+01
 7.28839765e+01
 7.27192536e+01
 7.25579695e+01
 7.23959555e+01
 7.22328539e+01
 7.20688932e+01
 7.19049673e+01
 7.17463075e+01
 7.15866172e+01
 7.14248639e+01
 7.12603139e+01
 7.10945780e+01
 7.09297939e+01
 7.07668338e+01
 7.06074605e+01
 7.04439853e+01
 7.02783297e+01
 7.01116428e+01
 6.99459922e+01
 6.97829682e+01
 6.96226054e+01
 6.94638970e+01
 6.93109526e+01
 6.91584323e+01
 6.90060689e+01
 6.88526717e+01
 6.86985727e+01
 6.85512337e+01
 6.84010797e+01
 6.82542247e+01
 6.81049391e+01
 6.79567616e+01
 6.78147207e+01
 6.76676019e+01
 6.75134217e+01
 6.73547257e+01
 6.71874703e+01
 6.70261136e+01
 6.68737504e+01
 6.67104391e+01
 6.65509635e+01
 6.63966572e+01
 6.62398077e+01
 6.60819376e+01
 6.59230105e+01
 6.57632917e+01
 6.56037847e+01
 6.54501762e+01
 6.52971779e+01
 6.51441790e+01
 6.49961341e+01
 6.48498798e+01
 6.47036348e+01
 6.45574052e+01
 6.44085741e+01
 6.42591398e+01
 6.41097234e+01
 6.39602981e+01
 6.38112816e+01
 6.36683634e+01
 6.35256950e+01
 6.33830397e+01
 6.32403740e+01
 6.30977123e+01
 6.29550696e+01
 6.28124199e+01
 6.26697700e+01
 6.25278671e+01
 6.23863709e+01
 6.22448711e+01
 6.21033978e+01
 6.19619089e+01
 6.18204276e+01
 6.16789655e+01
 6.15374883e+01
 6.13965783e+01
 6.12573640e+01
 6.11181491e+01
 6.09789511e+01
 6.08397409e+01
 6.07005399e+01
 6.05613575e+01
 6.04221616e+01
 6.02829632e+01
 6.01477490e+01
 6.00132223e+01
 5.98786999e+01
 5.97441879e+01
 5.96096685e+01
 5.94751670e+01
 5.93406588e+01
 5.92061451e+01
 5.90728548e+01
 5.89409588e+01
 5.88090562e+01
 5.86771798e+01
 5.85452967e+01
 5.84134018e+01
 5.82815403e+01
 5.81496615e+01
 5.80181561e+01
 5.78897009e+01
 5.77613633e+01
 5.76330451e+01
 5.75047180e+01
 5.73763840e+01
 5.72480738e+01
 5.71197516e+01
 5.69914310e+01
 5.68651658e+01
 5.67398523e+01
 5.66145467e+01
 5.64892469e+01
 5.63639436e+01
 5.62386393e+01
 5.61133613e+01
 5.59880584e+01
 5.58633288e+01
 5.57399857e+01
 5.56166402e+01
 5.54933062e+01
 5.53699652e+01
 5.52466248e+01
 5.51233027e+01
 5.49999721e+01
 5.48766639e+01
 5.47566440e+01
 5.46370066e+01
 5.45173808e+01
 5.43977702e+01
 5.42781366e+01
 5.41585246e+01
 5.40389217e+01
 5.39193075e+01
 5.38004128e+01
 5.36821793e+01
 5.35639553e+01
 5.34457459e+01
 5.33275296e+01
 5.32093117e+01
 5.30911156e+01
 5.29729030e+01
 5.28554053e+01
 5.27420450e+01
 5.26288099e+01
 5.25155867e+01
 5.24023769e+01
 5.22891439e+01
 5.21759364e+01
 5.20627184e+01
 5.19495042e+01
 5.18374606e+01
 5.17258482e+01
 5.16142395e+01
 5.15026438e+01
 5.13910481e+01
 5.12794412e+01
 5.11678516e+01
 5.10562604e+01
 5.09455304e+01
 5.08365360e+01
 5.07275268e+01
 5.06185395e+01
 5.05095408e+01
 5.04005449e+01
 5.02915726e+01
 5.01825778e+01
 5.00736491e+01
 4.99663503e+01
 4.98591994e+01
 4.97520612e+01
 4.96449385e+01
 4.95378050e+01
 4.94306729e+01
 4.93235506e+01
 4.92164241e+01
 4.91108937e+01
 4.90066368e+01
 4.89023949e+01
 4.87981501e+01
 4.86939059e+01
 4.85896608e+01
 4.84854347e+01
 4.83811941e+01
 4.82775125e+01
 4.81765679e+01
 4.80756357e+01
 4.79747034e+01
 4.78737956e+01
 4.77728702e+01
 4.76719456e+01
 4.75710335e+01
 4.74701184e+01
 4.73704961e+01
 4.72712390e+01
 4.71719955e+01
 4.70727575e+01
 4.69735078e+01
 4.68742667e+01
 4.67750376e+01
 4.66758010e+01
 4.65775634e+01
 4.64809834e+01
 4.63843855e+01
 4.62877932e+01
 4.61912138e+01
 4.60946219e+01
 4.59980392e+01
 4.59014513e+01
 4.58050324e+01
 4.57102276e+01
 4.56155958e+01
 4.55209735e+01
 4.54263519e+01
 4.53317262e+01
 4.52371066e+01
 4.51424916e+01
 4.50478704e+01
 4.49551130e+01
 4.48636154e+01
 4.47721122e+01
 4.46806113e+01
 4.45891112e+01
 4.44976096e+01
 4.44061185e+01
 4.43146316e+01
 4.42236030e+01
 4.41342215e+01
 4.40448654e+01
 4.39555190e+01
 4.38661765e+01
 4.37768220e+01
 4.36874795e+01
 4.35981416e+01
 4.35088269e+01
 4.34211246e+01
 4.33338053e+01
 4.32464916e+01
 4.31591934e+01
 4.30718888e+01
 4.29845774e+01
 4.28972850e+01
 4.28099871e+01
 4.27227769e+01
 4.26357116e+01
 4.25486444e+01
 4.24615796e+01
 4.23745145e+01
 4.22874506e+01
 4.22004074e+01
 4.21133370e+01
 4.20266773e+01
 4.19437797e+01
 4.18611057e+01
 4.17784439e+01
 4.16957961e+01
 4.16131314e+01
 4.15304732e+01
 4.14460851e+01
 4.13599137e+01
 4.12737883e+01
 4.11865608e+01
 4.10974954e+01
 4.10065611e+01
 4.09137154e+01
 4.08189226e+01
 4.07221268e+01
 4.06236140e+01
 4.05235318e+01
 4.04213326e+01
 4.03170007e+01
 4.02104645e+01
 4.01016923e+01
 3.99909824e+01
 3.98819020e+01
 3.97707040e+01
 3.96571806e+01
 3.95412702e+01
 3.94229237e+01
 3.93018038e+01
 3.91777304e+01
 3.90510605e+01
 3.89217211e+01
 3.87896595e+01
 3.86561515e+01
 3.85218715e+01
 3.83847518e+01
 3.82447682e+01
 3.81018234e+01
 3.79645017e+01
 3.78258335e+01
 3.76842460e+01
 3.75396863e+01
 3.73924132e+01
 3.72421730e+01
 3.70887711e+01
 3.69321522e+01
 3.67698709e+01
 3.66038371e+01
 3.64343146e+01
 3.62642476e+01
 3.60967450e+01
 3.59257299e+01
 3.57516559e+01
 3.55836034e+01
 3.54122140e+01
 3.52372063e+01
 3.50577274e+01
 3.48744153e+01
 3.46875088e+01
 3.45014587e+01
 3.43115052e+01
 3.41188445e+01
 3.39249661e+01
 3.37270256e+01
 3.35281726e+01
 3.33263610e+01
 3.31201538e+01
 3.29092049e+01
 3.26939185e+01
 3.24828968e+01
 3.22681068e+01
 3.20592929e+01
 3.18503217e+01
 3.16335542e+01
 3.14097997e+01
 3.11822825e+01
 3.09507711e+01
 3.07218538e+01
 3.04932600e+01
 3.02666209e+01
 3.00379189e+01
 2.98127691e+01
 2.95845433e+01
 2.93555754e+01
 2.91263167e+01
 2.88970395e+01
 2.86558643e+01
 2.84086873e+01
 2.81567797e+01
 2.79047236e+01
 2.76513938e+01
 2.73986715e+01
 2.71488511e+01
 2.68966874e+01
 2.66424579e+01
 2.63926119e+01
 2.61471111e+01
 2.59036622e+01
 2.56620452e+01
 2.54218224e+01
 2.51790259e+01
 2.49321215e+01
 2.46847394e+01
 2.44356722e+01
 2.41901876e+01
 2.39454424e+01
 2.36977966e+01
 2.34527907e+01
 2.32035314e+01
 2.29495008e+01
 2.26993200e+01
 2.24494227e+01
 2.22002288e+01
 2.19505241e+01
 2.16915060e+01
 2.14387449e+01
 2.11899820e+01
 2.09463636e+01
 2.07109192e+01
 2.04886886e+01
 2.02619757e+01
 2.00198911e+01
 1.97866039e+01
 1.95762005e+01
 1.93524829e+01
 1.91253912e+01
 1.89188216e+01
 1.87055497e+01
 1.84679940e+01
 1.82535251e+01
 1.80635743e+01
 1.78586932e+01
 1.76403770e+01
 1.74386610e+01
 1.72612572e+01
 1.70774496e+01
 1.68705748e+01
 1.66606678e+01
 1.64746561e+01
 1.63102492e+01
 1.61502863e+01
 1.59742681e+01
 1.57843579e+01
 1.56051022e+01
 1.54493389e+01
 1.53035300e+01
 1.51476672e+01
 1.49778681e+01
 1.48127120e+01
 1.46646253e+01
 1.45349865e+01
 1.44141127e+01
 1.42867261e+01
 1.41493419e+01
 1.40086543e+01
 1.38719414e+01
 1.37432498e+01
 1.36242213e+01
 1.35145767e+01
 1.34103348e+01
 1.33034026e+01
 1.31865568e+01
 1.30600478e+01
 1.29318478e+01
 1.28113183e+01
 1.27022401e+01
 1.25956922e+01
 1.24906748e+01
 1.23825152e+01
 1.22701400e+01
 1.21544194e+01
 1.20401630e+01
 1.19309618e+01
 1.18266264e+01
 1.17272285e+01
 1.16325953e+01
 1.15426218e+01
 1.14572906e+01
 1.13764966e+01
 1.13001311e+01
 1.12280927e+01
 1.11602678e+01
 1.10965503e+01
 1.10368233e+01
 1.09809712e+01
 1.09288770e+01
 1.08804177e+01
 1.08354754e+01
 1.07939240e+01
 1.07555354e+01
 1.07202757e+01
 1.06851283e+01
 1.06498104e+01
 1.06171892e+01
 1.05877433e+01
 1.05657259e+01
 1.05446241e+01
 1.05235032e+01
 1.05023496e+01
 1.04811648e+01
 1.04599495e+01
 1.04387055e+01
 1.04174337e+01
 1.03961358e+01
 1.03748134e+01
 1.03534670e+01
 1.03320985e+01
 1.03107092e+01
 1.02838561e+01
 1.02565187e+01
 1.02291753e+01
 1.02018275e+01
 1.01744768e+01
 1.01471243e+01
 1.01197725e+01
 1.00924220e+01
 1.00650752e+01
 1.00377326e+01
 1.00103962e+01
 9.98306753e+00
 9.95211832e+00
 9.91903525e+00
 9.88598584e+00
 9.85297107e+00
 9.81999327e+00
 9.78705380e+00
 9.75415399e+00
 9.72129530e+00
 9.68847959e+00
 9.65570798e+00
 9.61822432e+00
 9.57997030e+00
 9.54179529e+00
 9.50370104e+00
 9.46568800e+00
 9.42775851e+00
 9.38991352e+00
 9.35215469e+00
 9.31054331e+00
 9.26759719e+00
 9.22477911e+00
 9.18208975e+00
 9.13953015e+00
 9.09710210e+00
 9.05480639e+00
 9.00856499e+00
 8.96140088e+00
 8.91441603e+00
 8.86761158e+00
 8.82098799e+00
 8.77454663e+00
 8.72469661e+00
 8.67370603e+00
 8.62294882e+00
 8.57242544e+00
 8.52213581e+00
 8.47045736e+00
 8.41592173e+00
 8.36167435e+00
 8.30771487e+00
 8.25404387e+00
 8.19838329e+00
 8.14079474e+00
 8.08355087e+00
 8.02665066e+00
 7.96963165e+00
 7.90910578e+00
 7.84898216e+00
 7.78925762e+00
 7.72960069e+00
 7.66655499e+00
 7.60396853e+00
 7.54184022e+00
 7.47872314e+00
 7.41358826e+00
 7.34896660e+00
 7.28485857e+00
 7.21781658e+00
 7.15102526e+00
 7.08480510e+00
 7.01663409e+00
 6.94799982e+00
 6.87998843e+00
 6.81024765e+00
 6.74009633e+00
 6.67061999e+00
 6.59903970e+00
 6.52769412e+00
 6.45653668e+00
 6.38353508e+00
 6.31131225e+00
 6.23797392e+00
 6.16436226e+00
 6.09093318e+00
 6.01614460e+00
 5.94223313e+00
 5.86666231e+00
 5.79183076e+00
 5.71598620e+00
 5.64043371e+00
 5.56423377e+00
 5.48816179e+00
 5.41156951e+00
 5.33517027e+00
 5.25819090e+00
 5.18165233e+00
 5.10432418e+00
 5.02765753e+00
 4.95021351e+00
 4.87320758e+00
 4.79611589e+00
 4.71887762e+00
 4.64211797e+00
 4.56494990e+00
 4.48808217e+00
 4.41163000e+00
 4.33487044e+00
 4.25848260e+00
 4.18250116e+00
 4.10659410e+00
 4.03087520e+00
 3.95558765e+00
 3.88071767e+00
 3.80612375e+00
 3.73179087e+00
 3.65793751e+00
 3.58456592e+00
 3.51168592e+00
 3.43930984e+00
 3.36745148e+00
 3.29606087e+00
 3.22523363e+00
 3.15501214e+00
 3.08541712e+00
 3.01646955e+00
 2.94819035e+00
 2.88060222e+00
 2.81372773e+00
 2.74759030e+00
 2.68215542e+00
 2.61748398e+00
 2.55361096e+00
 2.49055768e+00
 2.42834582e+00
 2.36699460e+00
 2.30643156e+00
 2.24675095e+00
 2.18798800e+00
 2.13011256e+00
 2.07311218e+00
 2.01707515e+00
 1.96193143e+00
 1.90774076e+00
 1.85449734e+00
 1.80219894e+00
 1.75086425e+00
 1.70049701e+00
 1.65108243e+00
 1.60266336e+00
 1.55519292e+00
 1.50870154e+00
 1.46319534e+00
 1.41866564e+00
 1.37509025e+00
 1.33248994e+00
 1.29085860e+00
 1.25019085e+00
 1.21048022e+00
 1.17172088e+00
 1.13390668e+00
 1.09703077e+00
 1.06108544e+00
 1.02606266e+00
 9.91943111e-01
 9.58728256e-01
 9.26408100e-01
 8.94963627e-01
 8.64388269e-01
 8.34670192e-01
 8.05793317e-01
 7.77747875e-01
 7.50519926e-01
 7.24092287e-01
 6.98454347e-01
 6.73591101e-01
 6.49488359e-01
 6.26129599e-01
 6.03499996e-01
 5.81584742e-01
 5.60368211e-01
 5.39835072e-01
 5.19970825e-01
 5.00758708e-01
 4.82181708e-01
 4.64227172e-01
 4.46876878e-01
 4.30117684e-01
 4.13931327e-01
 3.98304815e-01
 3.83221839e-01
 3.68667314e-01
 3.54626646e-01
 3.41084492e-01
 3.28026458e-01
 3.15438822e-01
 3.03306299e-01
 2.91615568e-01
 2.80353017e-01
 2.69504800e-01
 2.59057577e-01
 2.48998720e-01
 2.39315422e-01
 2.29995490e-01
 2.21026270e-01
 2.12396267e-01
 2.04093739e-01
 1.96107605e-01
 1.88426398e-01
 1.81039913e-01
 1.73937495e-01
 1.67109040e-01
 1.60544628e-01
 1.54234611e-01
 1.48169910e-01
 1.42341352e-01
 1.36740282e-01
 1.31358246e-01
 1.26186875e-01
 1.21218451e-01
 1.16445201e-01
 1.11859667e-01
 1.07454790e-01
 1.03223553e-01
 9.91593285e-02
 9.52555251e-02
 9.15060954e-02
 8.79049300e-02
 8.44462300e-02
 8.11244664e-02
 7.79342401e-02
 7.48703752e-02
 7.19278565e-02
 6.91019483e-02
 6.63880066e-02
 6.37815373e-02
 6.12783419e-02
 5.88742488e-02
 5.65653960e-02
 5.43478896e-02
 5.22181409e-02
 5.01726281e-02
 4.82079970e-02
 4.63210116e-02
 4.45085546e-02
 4.27676497e-02
 4.10954361e-02
 3.94891738e-02
 3.79462170e-02
 3.64640207e-02
 3.50401748e-02
 3.36723517e-02
 3.23582848e-02
 3.10958508e-02
 2.98829898e-02
 2.87177122e-02
 2.75981297e-02
 2.65224141e-02
 2.54888369e-02
 2.44957060e-02
 2.35414225e-02
 2.26244399e-02
 2.17432827e-02
 2.08965311e-02
 2.00828214e-02
 1.93008502e-02
 1.85493609e-02
 1.78271500e-02
 1.71330688e-02
 1.64660042e-02
 1.58248906e-02
 1.52087165e-02
 1.46164951e-02
 1.40472929e-02
 1.35002022e-02
 1.29743593e-02
 1.24689369e-02
 1.19831298e-02
 1.15161769e-02
 1.10673420e-02
 1.06359181e-02
 1.02212279e-02
 9.82261033e-03
 9.43946878e-03
 9.07117337e-03
 8.71715675e-03
 8.37685867e-03
 8.04976180e-03
 7.73533967e-03
 7.43310797e-03
 7.14259942e-03
 6.86335727e-03
 6.59493489e-03
 6.33692641e-03
 6.08892452e-03
 5.85054796e-03
 5.62141532e-03
 5.40118013e-03
 5.18948641e-03
 4.98601754e-03
 4.79044822e-03
 4.60247606e-03
 4.42180991e-03
 4.24816157e-03
 4.08127197e-03
 3.92086620e-03
 3.76670376e-03
 3.61853850e-03
 3.47614405e-03
 3.33929330e-03
 3.20777570e-03
 3.08138617e-03
 2.95992268e-03
 2.84319541e-03
 2.73102479e-03
 2.62323461e-03
 2.51965317e-03
 2.42011880e-03
 2.32447669e-03
 2.23257352e-03
 2.14426779e-03
 2.05941784e-03
 1.97788991e-03
 1.89955690e-03
 1.82429529e-03
 1.75198450e-03
 1.68251169e-03
 1.61576537e-03
 1.55164024e-03
 1.49003406e-03
 1.43085044e-03
 1.37399473e-03
 1.31937599e-03
 1.26690793e-03
 1.21650529e-03
 1.16808938e-03
 1.12158221e-03
 1.07690951e-03
 1.03399963e-03
 9.92784294e-04
 9.53196192e-04
 9.15172838e-04
 8.78652786e-04
 8.43576968e-04
 8.09889757e-04
 7.77535785e-04
 7.46463439e-04
 7.16622429e-04
 6.87964408e-04
 6.60442914e-04
 6.34013746e-04
 6.08633595e-04
 5.84261420e-04
 5.60857752e-04
 5.38384281e-04
 5.16804415e-04
 4.96082919e-04
 4.76186262e-04
 4.57082570e-04
 4.38744687e-04
 4.21142251e-04
 4.04246086e-04
 3.88027721e-04
 3.72460140e-04
 3.57516929e-04
 3.43173274e-04
 3.29405091e-04
 3.16189342e-04
 3.03503636e-04
 2.91327017e-04
 2.79638814e-04
 2.68419545e-04
 2.57650435e-04
 2.47313297e-04
 2.37390934e-04
 2.27866608e-04
 2.18724437e-04
 2.09949063e-04
 2.01525662e-04
 1.93440281e-04
 1.85679242e-04
 1.78229603e-04
 1.71078828e-04
 1.64214954e-04
 1.57626436e-04
 1.51302304e-04
 1.45231871e-04
 1.39404964e-04
 1.33811823e-04
 1.28443103e-04
 1.23289793e-04
 1.18343217e-04
 1.13595076e-04
 1.09037508e-04
 1.04662713e-04
 1.00463482e-04
 9.64328270e-05
 9.25636252e-05
 8.88499017e-05
 8.52851075e-05
 8.18632201e-05
 7.85787103e-05
 7.54260394e-05
 7.23998179e-05
 6.94950048e-05
 6.67066962e-05
 6.40302709e-05
 6.14612785e-05
 5.89953213e-05
 5.66283218e-05
 5.43562854e-05
 5.21753590e-05
 5.00819691e-05
 4.80725756e-05
 4.61438110e-05
 4.42924497e-05
 4.25153088e-05
 4.08095071e-05
 3.91721456e-05
 3.76004425e-05
 3.60918497e-05
 3.46437589e-05
 3.32537565e-05
 3.19195444e-05
 3.06388559e-05
 2.94095573e-05
 2.82295583e-05
 2.70969183e-05
 2.60097253e-05
 2.49661551e-05
 2.39644459e-05
 2.30029413e-05
 2.20800090e-05
 2.11940962e-05
 2.03437230e-05
 1.95274916e-05
 1.87439967e-05
 1.79919341e-05
 1.72700561e-05
 1.65771369e-05
 1.59120173e-05
 1.52735826e-05
 1.46607590e-05
 1.40725386e-05
 1.35079086e-05
 1.29659321e-05
 1.24457026e-05
 1.19463448e-05
 1.14670274e-05
 1.10069371e-05
 1.05653081e-05
 1.01413957e-05
 9.73449575e-06
 9.34392036e-06
 8.96901495e-06
 8.60915415e-06
 8.26372961e-06
 7.93216353e-06
 7.61390260e-06
 7.30841348e-06
 7.01517845e-06
 6.73370973e-06
 6.46353347e-06
 6.20419825e-06
 5.95526538e-06
 5.71632254e-06
 5.48696720e-06
 5.26681321e-06
 5.05549445e-06
 4.85265190e-06
 4.65794895e-06
 4.47105827e-06
 4.29166686e-06
 4.11947154e-06
 3.95418615e-06
 3.79553204e-06
 3.64324406e-06
 3.49706593e-06
 3.35675367e-06
 3.22207088e-06
 3.09279075e-06
 2.96869904e-06
 2.84958542e-06
 2.73525134e-06
 2.62550461e-06
 2.52016176e-06
 2.41904493e-06
 2.32198489e-06
 2.22881988e-06
 2.13939285e-06
 2.05355362e-06
 1.97115875e-06
 1.89206975e-06
 1.81615410e-06
 1.74328446e-06
 1.67333850e-06
 1.60619850e-06
 1.54175294e-06
 1.47989313e-06
 1.42051500e-06
 1.36351956e-06
 1.30881100e-06
 1.25629725e-06
 1.20589096e-06
 1.15750699e-06
 1.11106310e-06
 1.06648402e-06
 1.02369436e-06
 9.82620342e-07
 9.43193412e-07
 9.05349544e-07
 8.69024404e-07
